eps_r	1.0	mu_r	1.0	sigma	0.00e+00	radius	1.0
frequency(Hz)	RCS(m^2)
1.000000000e+06	0.000000000e+00
4.330000000e+06	0.000000000e+00
7.660000000e+06	0.000000000e+00
1.099000000e+07	0.000000000e+00
1.432000000e+07	0.000000000e+00
1.765000000e+07	0.000000000e+00
2.098000000e+07	0.000000000e+00
2.431000000e+07	0.000000000e+00
2.764000000e+07	0.000000000e+00
3.097000000e+07	0.000000000e+00
3.430000000e+07	0.000000000e+00
3.763000000e+07	0.000000000e+00
4.096000000e+07	0.000000000e+00
4.429000000e+07	0.000000000e+00
4.762000000e+07	0.000000000e+00
5.095000000e+07	0.000000000e+00
5.428000000e+07	0.000000000e+00
5.761000000e+07	0.000000000e+00
6.094000000e+07	0.000000000e+00
6.427000000e+07	0.000000000e+00
6.760000000e+07	0.000000000e+00
7.093000000e+07	0.000000000e+00
7.426000000e+07	0.000000000e+00
7.759000000e+07	0.000000000e+00
8.092000000e+07	0.000000000e+00
8.425000000e+07	0.000000000e+00
8.758000000e+07	0.000000000e+00
9.091000000e+07	0.000000000e+00
9.424000000e+07	0.000000000e+00
9.757000000e+07	0.000000000e+00
1.009000000e+08	0.000000000e+00
1.042300000e+08	0.000000000e+00
1.075600000e+08	0.000000000e+00
1.108900000e+08	0.000000000e+00
1.142200000e+08	0.000000000e+00
1.175500000e+08	0.000000000e+00
1.208800000e+08	0.000000000e+00
1.242100000e+08	0.000000000e+00
1.275400000e+08	0.000000000e+00
1.308700000e+08	0.000000000e+00
1.342000000e+08	0.000000000e+00
1.375300000e+08	0.000000000e+00
1.408600000e+08	0.000000000e+00
1.441900000e+08	0.000000000e+00
1.475200000e+08	0.000000000e+00
1.508500000e+08	0.000000000e+00
1.541800000e+08	0.000000000e+00
1.575100000e+08	0.000000000e+00
1.608400000e+08	0.000000000e+00
1.641700000e+08	0.000000000e+00
1.675000000e+08	0.000000000e+00
1.708300000e+08	0.000000000e+00
1.741600000e+08	0.000000000e+00
1.774900000e+08	0.000000000e+00
1.808200000e+08	0.000000000e+00
1.841500000e+08	0.000000000e+00
1.874800000e+08	0.000000000e+00
1.908100000e+08	0.000000000e+00
1.941400000e+08	0.000000000e+00
1.974700000e+08	0.000000000e+00
2.008000000e+08	0.000000000e+00
2.041300000e+08	0.000000000e+00
2.074600000e+08	0.000000000e+00
2.107900000e+08	0.000000000e+00
2.141200000e+08	0.000000000e+00
2.174500000e+08	0.000000000e+00
2.207800000e+08	0.000000000e+00
2.241100000e+08	0.000000000e+00
2.274400000e+08	0.000000000e+00
2.307700000e+08	0.000000000e+00
2.341000000e+08	0.000000000e+00
2.374300000e+08	0.000000000e+00
2.407600000e+08	0.000000000e+00
2.440900000e+08	0.000000000e+00
2.474200000e+08	0.000000000e+00
2.507500000e+08	0.000000000e+00
2.540800000e+08	0.000000000e+00
2.574100000e+08	0.000000000e+00
2.607400000e+08	0.000000000e+00
2.640700000e+08	0.000000000e+00
2.674000000e+08	0.000000000e+00
2.707300000e+08	0.000000000e+00
2.740600000e+08	0.000000000e+00
2.773900000e+08	0.000000000e+00
2.807200000e+08	0.000000000e+00
2.840500000e+08	0.000000000e+00
2.873800000e+08	0.000000000e+00
2.907100000e+08	0.000000000e+00
2.940400000e+08	0.000000000e+00
2.973700000e+08	0.000000000e+00
3.007000000e+08	0.000000000e+00
3.040300000e+08	0.000000000e+00
3.073600000e+08	0.000000000e+00
3.106900000e+08	0.000000000e+00
3.140200000e+08	0.000000000e+00
3.173500000e+08	0.000000000e+00
3.206800000e+08	0.000000000e+00
3.240100000e+08	0.000000000e+00
3.273400000e+08	0.000000000e+00
3.306700000e+08	0.000000000e+00
3.340000000e+08	0.000000000e+00
3.373300000e+08	0.000000000e+00
3.406600000e+08	0.000000000e+00
3.439900000e+08	0.000000000e+00
3.473200000e+08	0.000000000e+00
3.506500000e+08	0.000000000e+00
3.539800000e+08	0.000000000e+00
3.573100000e+08	0.000000000e+00
3.606400000e+08	0.000000000e+00
3.639700000e+08	0.000000000e+00
3.673000000e+08	0.000000000e+00
3.706300000e+08	0.000000000e+00
3.739600000e+08	0.000000000e+00
3.772900000e+08	0.000000000e+00
3.806200000e+08	0.000000000e+00
3.839500000e+08	0.000000000e+00
3.872800000e+08	0.000000000e+00
3.906100000e+08	0.000000000e+00
3.939400000e+08	0.000000000e+00
3.972700000e+08	0.000000000e+00
4.006000000e+08	0.000000000e+00
4.039300000e+08	0.000000000e+00
4.072600000e+08	0.000000000e+00
4.105900000e+08	0.000000000e+00
4.139200000e+08	0.000000000e+00
4.172500000e+08	0.000000000e+00
4.205800000e+08	0.000000000e+00
4.239100000e+08	0.000000000e+00
4.272400000e+08	0.000000000e+00
4.305700000e+08	0.000000000e+00
4.339000000e+08	0.000000000e+00
4.372300000e+08	0.000000000e+00
4.405600000e+08	0.000000000e+00
4.438900000e+08	0.000000000e+00
4.472200000e+08	0.000000000e+00
4.505500000e+08	0.000000000e+00
4.538800000e+08	0.000000000e+00
4.572100000e+08	0.000000000e+00
4.605400000e+08	0.000000000e+00
4.638700000e+08	0.000000000e+00
4.672000000e+08	0.000000000e+00
4.705300000e+08	0.000000000e+00
4.738600000e+08	0.000000000e+00
4.771900000e+08	0.000000000e+00
4.805200000e+08	0.000000000e+00
4.838500000e+08	0.000000000e+00
4.871800000e+08	0.000000000e+00
4.905100000e+08	0.000000000e+00
4.938400000e+08	0.000000000e+00
4.971700000e+08	0.000000000e+00
5.005000000e+08	0.000000000e+00
5.038300000e+08	0.000000000e+00
5.071600000e+08	0.000000000e+00
5.104900000e+08	0.000000000e+00
5.138200000e+08	0.000000000e+00
5.171500000e+08	0.000000000e+00
5.204800000e+08	0.000000000e+00
5.238100000e+08	0.000000000e+00
5.271400000e+08	0.000000000e+00
5.304700000e+08	0.000000000e+00
5.338000000e+08	0.000000000e+00
5.371300000e+08	0.000000000e+00
5.404600000e+08	0.000000000e+00
5.437900000e+08	0.000000000e+00
5.471200000e+08	0.000000000e+00
5.504500000e+08	0.000000000e+00
5.537800000e+08	0.000000000e+00
5.571100000e+08	0.000000000e+00
5.604400000e+08	0.000000000e+00
5.637700000e+08	0.000000000e+00
5.671000000e+08	0.000000000e+00
5.704300000e+08	0.000000000e+00
5.737600000e+08	0.000000000e+00
5.770900000e+08	0.000000000e+00
5.804200000e+08	0.000000000e+00
5.837500000e+08	0.000000000e+00
5.870800000e+08	0.000000000e+00
5.904100000e+08	0.000000000e+00
5.937400000e+08	0.000000000e+00
5.970700000e+08	0.000000000e+00
6.004000000e+08	0.000000000e+00
6.037300000e+08	0.000000000e+00
6.070600000e+08	0.000000000e+00
6.103900000e+08	0.000000000e+00
6.137200000e+08	0.000000000e+00
6.170500000e+08	0.000000000e+00
6.203800000e+08	0.000000000e+00
6.237100000e+08	0.000000000e+00
6.270400000e+08	0.000000000e+00
6.303700000e+08	0.000000000e+00
6.337000000e+08	0.000000000e+00
6.370300000e+08	0.000000000e+00
6.403600000e+08	0.000000000e+00
6.436900000e+08	0.000000000e+00
6.470200000e+08	0.000000000e+00
6.503500000e+08	0.000000000e+00
6.536800000e+08	0.000000000e+00
6.570100000e+08	0.000000000e+00
6.603400000e+08	0.000000000e+00
6.636700000e+08	0.000000000e+00
6.670000000e+08	0.000000000e+00
6.703300000e+08	0.000000000e+00
6.736600000e+08	0.000000000e+00
6.769900000e+08	0.000000000e+00
6.803200000e+08	0.000000000e+00
6.836500000e+08	0.000000000e+00
6.869800000e+08	0.000000000e+00
6.903100000e+08	0.000000000e+00
6.936400000e+08	0.000000000e+00
6.969700000e+08	0.000000000e+00
7.003000000e+08	0.000000000e+00
7.036300000e+08	0.000000000e+00
7.069600000e+08	0.000000000e+00
7.102900000e+08	0.000000000e+00
7.136200000e+08	0.000000000e+00
7.169500000e+08	0.000000000e+00
7.202800000e+08	0.000000000e+00
7.236100000e+08	0.000000000e+00
7.269400000e+08	0.000000000e+00
7.302700000e+08	0.000000000e+00
7.336000000e+08	0.000000000e+00
7.369300000e+08	0.000000000e+00
7.402600000e+08	0.000000000e+00
7.435900000e+08	0.000000000e+00
7.469200000e+08	0.000000000e+00
7.502500000e+08	0.000000000e+00
7.535800000e+08	0.000000000e+00
7.569100000e+08	0.000000000e+00
7.602400000e+08	0.000000000e+00
7.635700000e+08	0.000000000e+00
7.669000000e+08	0.000000000e+00
7.702300000e+08	0.000000000e+00
7.735600000e+08	0.000000000e+00
7.768900000e+08	0.000000000e+00
7.802200000e+08	0.000000000e+00
7.835500000e+08	0.000000000e+00
7.868800000e+08	0.000000000e+00
7.902100000e+08	0.000000000e+00
7.935400000e+08	0.000000000e+00
7.968700000e+08	0.000000000e+00
8.002000000e+08	0.000000000e+00
8.035300000e+08	0.000000000e+00
8.068600000e+08	0.000000000e+00
8.101900000e+08	0.000000000e+00
8.135200000e+08	0.000000000e+00
8.168500000e+08	0.000000000e+00
8.201800000e+08	0.000000000e+00
8.235100000e+08	0.000000000e+00
8.268400000e+08	0.000000000e+00
8.301700000e+08	0.000000000e+00
8.335000000e+08	0.000000000e+00
8.368300000e+08	0.000000000e+00
8.401600000e+08	0.000000000e+00
8.434900000e+08	0.000000000e+00
8.468200000e+08	0.000000000e+00
8.501500000e+08	0.000000000e+00
8.534800000e+08	0.000000000e+00
8.568100000e+08	0.000000000e+00
8.601400000e+08	0.000000000e+00
8.634700000e+08	0.000000000e+00
8.668000000e+08	0.000000000e+00
8.701300000e+08	0.000000000e+00
8.734600000e+08	0.000000000e+00
8.767900000e+08	0.000000000e+00
8.801200000e+08	0.000000000e+00
8.834500000e+08	0.000000000e+00
8.867800000e+08	0.000000000e+00
8.901100000e+08	0.000000000e+00
8.934400000e+08	0.000000000e+00
8.967700000e+08	0.000000000e+00
9.001000000e+08	0.000000000e+00
9.034300000e+08	0.000000000e+00
9.067600000e+08	0.000000000e+00
9.100900000e+08	0.000000000e+00
9.134200000e+08	0.000000000e+00
9.167500000e+08	0.000000000e+00
9.200800000e+08	0.000000000e+00
9.234100000e+08	0.000000000e+00
9.267400000e+08	0.000000000e+00
9.300700000e+08	0.000000000e+00
9.334000000e+08	0.000000000e+00
9.367300000e+08	0.000000000e+00
9.400600000e+08	0.000000000e+00
9.433900000e+08	0.000000000e+00
9.467200000e+08	0.000000000e+00
9.500500000e+08	0.000000000e+00
9.533800000e+08	0.000000000e+00
9.567100000e+08	0.000000000e+00
9.600400000e+08	0.000000000e+00
9.633700000e+08	0.000000000e+00
9.667000000e+08	0.000000000e+00
9.700300000e+08	0.000000000e+00
9.733600000e+08	0.000000000e+00
9.766900000e+08	0.000000000e+00
9.800200000e+08	0.000000000e+00
9.833500000e+08	0.000000000e+00
9.866800000e+08	0.000000000e+00
9.900100000e+08	0.000000000e+00
9.933400000e+08	0.000000000e+00
9.966700000e+08	0.000000000e+00
1.000000000e+09	0.000000000e+00
