eps_r	100000000.0	mu_r	1.0	sigma	0.00e+00	radius	1.0
frequency(Hz)	RCS(m^2)
1.000000000e+07	5.422848430e-02
1.130000000e+07	8.787573440e-02
1.260000000e+07	1.356512871e-01
1.390000000e+07	2.005038714e-01
1.520000000e+07	2.870695512e-01
1.650000000e+07	3.947257632e-01
1.780000000e+07	5.340124861e-01
1.910000000e+07	7.028511041e-01
2.040000000e+07	9.066267263e-01
2.170000000e+07	1.154746254e+00
2.300000000e+07	1.446882215e+00
2.430000000e+07	1.786220864e+00
2.560000000e+07	2.172250528e+00
2.690000000e+07	2.612946931e+00
2.820000000e+07	3.110426969e+00
2.950000000e+07	3.665183566e+00
3.080000000e+07	4.248053844e+00
3.210000000e+07	4.906139299e+00
3.340000000e+07	5.565324781e+00
3.470000000e+07	6.257039577e+00
3.600000000e+07	6.972753412e+00
3.730000000e+07	7.693547149e+00
3.860000000e+07	8.385691051e+00
3.990000000e+07	9.035379165e+00
4.120000000e+07	9.633095137e+00
4.250000000e+07	1.018739500e+01
4.380000000e+07	1.066053669e+01
4.510000000e+07	1.099784584e+01
4.640000000e+07	1.130425969e+01
4.770000000e+07	1.142985705e+01
4.900000000e+07	1.147449204e+01
5.030000000e+07	1.142867418e+01
5.160000000e+07	1.130084530e+01
5.290000000e+07	1.106564505e+01
5.420000000e+07	1.074502718e+01
5.550000000e+07	1.035128286e+01
5.680000000e+07	9.924886934e+00
5.810000000e+07	9.448652765e+00
5.940000000e+07	8.882866380e+00
6.070000000e+07	8.338062791e+00
6.200000000e+07	7.724523108e+00
6.330000000e+07	7.107481700e+00
6.460000000e+07	6.491377603e+00
6.590000000e+07	5.884137412e+00
6.720000000e+07	5.275231528e+00
6.850000000e+07	4.676193865e+00
6.980000000e+07	4.100175596e+00
7.110000000e+07	3.568356533e+00
7.240000000e+07	3.098729780e+00
7.370000000e+07	2.592017739e+00
7.500000000e+07	2.182754362e+00
7.630000000e+07	1.811941727e+00
7.760000000e+07	1.497947044e+00
7.890000000e+07	1.252291659e+00
8.020000000e+07	1.070862812e+00
8.150000000e+07	9.538696694e-01
8.280000000e+07	8.987254726e-01
8.410000000e+07	9.135925679e-01
8.540000000e+07	9.912698074e-01
8.670000000e+07	1.182276764e+00
8.800000000e+07	1.323304936e+00
8.930000000e+07	1.564056603e+00
9.060000000e+07	1.853463370e+00
9.190000000e+07	2.179334967e+00
9.320000000e+07	2.530198659e+00
9.450000000e+07	2.897039034e+00
9.580000000e+07	3.276318779e+00
9.710000000e+07	3.665909929e+00
9.840000000e+07	4.047729179e+00
9.970000000e+07	4.403778836e+00
1.010000000e+08	4.847585709e+00
1.023000000e+08	5.070009119e+00
1.036000000e+08	5.347328323e+00
1.049000000e+08	5.597796705e+00
1.062000000e+08	5.815424471e+00
1.075000000e+08	5.976362376e+00
1.088000000e+08	6.089192659e+00
1.101000000e+08	6.155808681e+00
1.114000000e+08	6.191835015e+00
1.127000000e+08	6.174883461e+00
1.140000000e+08	6.094908966e+00
1.153000000e+08	6.039853465e+00
1.166000000e+08	5.836242632e+00
1.179000000e+08	5.636554988e+00
1.192000000e+08	5.414626162e+00
1.205000000e+08	5.170845754e+00
1.218000000e+08	4.891161167e+00
1.231000000e+08	4.587430755e+00
1.244000000e+08	4.274091998e+00
1.257000000e+08	3.968324933e+00
1.270000000e+08	3.664565642e+00
1.283000000e+08	3.332970186e+00
1.296000000e+08	3.059471256e+00
1.309000000e+08	2.754612916e+00
1.322000000e+08	2.482020141e+00
1.335000000e+08	2.252290290e+00
1.348000000e+08	2.055462353e+00
1.361000000e+08	1.887303203e+00
1.374000000e+08	1.747234035e+00
1.387000000e+08	1.652753184e+00
1.400000000e+08	1.606456132e+00
1.413000000e+08	1.611732537e+00
1.426000000e+08	1.614188392e+00
1.439000000e+08	1.689771739e+00
1.452000000e+08	1.780517575e+00
1.465000000e+08	1.904750745e+00
1.478000000e+08	2.067949293e+00
1.491000000e+08	2.257429127e+00
1.504000000e+08	2.463892566e+00
1.517000000e+08	2.682355676e+00
1.530000000e+08	2.914060810e+00
1.543000000e+08	3.159499690e+00
1.556000000e+08	3.408290918e+00
1.569000000e+08	3.638198859e+00
1.582000000e+08	3.877388213e+00
1.595000000e+08	4.089562870e+00
1.608000000e+08	4.291064600e+00
1.621000000e+08	4.471943212e+00
1.634000000e+08	4.633346414e+00
1.647000000e+08	4.763454763e+00
1.660000000e+08	4.867417926e+00
1.673000000e+08	4.937131435e+00
1.686000000e+08	4.982019486e+00
1.699000000e+08	4.974533206e+00
1.712000000e+08	4.968672520e+00
1.725000000e+08	4.917250893e+00
1.738000000e+08	4.831102953e+00
1.751000000e+08	4.722970076e+00
1.764000000e+08	4.585164802e+00
1.777000000e+08	4.425957086e+00
1.790000000e+08	4.247501549e+00
1.803000000e+08	4.059379663e+00
1.816000000e+08	3.859135815e+00
1.829000000e+08	3.644901524e+00
1.842000000e+08	3.266963093e+00
1.855000000e+08	3.226962801e+00
1.868000000e+08	3.014331573e+00
1.881000000e+08	2.826121294e+00
1.894000000e+08	2.651710416e+00
1.907000000e+08	2.488980039e+00
1.920000000e+08	2.339058180e+00
1.933000000e+08	2.218119422e+00
1.946000000e+08	2.128676290e+00
1.959000000e+08	2.068713290e+00
1.972000000e+08	2.009067504e+00
1.985000000e+08	2.071840248e+00
1.998000000e+08	2.009404038e+00
2.011000000e+08	2.031364141e+00
2.024000000e+08	2.101176833e+00
2.037000000e+08	2.195649428e+00
2.050000000e+08	2.302086128e+00
2.063000000e+08	2.417800416e+00
2.076000000e+08	2.556879412e+00
2.089000000e+08	2.723433598e+00
2.102000000e+08	2.901702664e+00
2.115000000e+08	3.051107105e+00
2.128000000e+08	3.286700236e+00
2.141000000e+08	3.406183468e+00
2.154000000e+08	3.560797542e+00
2.167000000e+08	3.727251411e+00
2.180000000e+08	3.890352127e+00
2.193000000e+08	4.024919223e+00
2.206000000e+08	4.135510068e+00
2.219000000e+08	4.231383178e+00
2.232000000e+08	4.327652178e+00
2.245000000e+08	4.400884474e+00
2.258000000e+08	4.415211655e+00
2.271000000e+08	4.470570586e+00
2.284000000e+08	4.425540856e+00
2.297000000e+08	4.381649283e+00
2.310000000e+08	4.329540246e+00
2.323000000e+08	4.263739907e+00
2.336000000e+08	4.167834943e+00
2.349000000e+08	4.049732769e+00
2.362000000e+08	3.920716255e+00
2.375000000e+08	3.793184557e+00
2.388000000e+08	3.660282293e+00
2.401000000e+08	3.492212873e+00
2.414000000e+08	3.349986505e+00
2.427000000e+08	3.188565752e+00
2.440000000e+08	3.034442353e+00
2.453000000e+08	2.893356073e+00
2.466000000e+08	2.760358467e+00
2.479000000e+08	2.638510971e+00
2.492000000e+08	2.528964004e+00
2.505000000e+08	2.438864529e+00
2.518000000e+08	2.360932095e+00
2.531000000e+08	2.301213887e+00
2.544000000e+08	2.270432840e+00
2.557000000e+08	2.242656234e+00
2.570000000e+08	2.255016715e+00
2.583000000e+08	2.284429541e+00
2.596000000e+08	2.327065186e+00
2.609000000e+08	2.380646257e+00
2.622000000e+08	2.457831129e+00
2.635000000e+08	2.558920499e+00
2.648000000e+08	2.671676561e+00
2.661000000e+08	2.772757133e+00
2.674000000e+08	2.817812074e+00
2.687000000e+08	3.034644019e+00
2.700000000e+08	3.144492476e+00
2.713000000e+08	3.289496386e+00
2.726000000e+08	3.434947198e+00
2.739000000e+08	3.555136405e+00
2.752000000e+08	3.658675758e+00
2.765000000e+08	3.761381172e+00
2.778000000e+08	3.873072527e+00
2.791000000e+08	3.964418005e+00
2.804000000e+08	4.006727142e+00
2.817000000e+08	3.283034922e+00
2.830000000e+08	4.098647089e+00
2.843000000e+08	4.087726258e+00
2.856000000e+08	4.095668200e+00
2.869000000e+08	4.092408311e+00
2.882000000e+08	4.049548400e+00
2.895000000e+08	3.980478225e+00
2.908000000e+08	3.906890033e+00
2.921000000e+08	3.842028550e+00
2.934000000e+08	3.762350174e+00
2.947000000e+08	3.633276482e+00
2.960000000e+08	3.682219510e+00
2.973000000e+08	3.417477636e+00
2.986000000e+08	3.279058888e+00
2.999000000e+08	3.170634846e+00
3.012000000e+08	3.066418264e+00
3.025000000e+08	2.953256789e+00
3.038000000e+08	2.836645273e+00
3.051000000e+08	2.738325115e+00
3.064000000e+08	2.661913590e+00
3.077000000e+08	2.600439452e+00
3.090000000e+08	2.520509810e+00
3.103000000e+08	2.502259049e+00
3.116000000e+08	2.447966428e+00
3.129000000e+08	2.424225162e+00
3.142000000e+08	2.429392412e+00
3.155000000e+08	2.448208563e+00
3.168000000e+08	2.479790505e+00
3.181000000e+08	2.523413643e+00
3.194000000e+08	2.583573427e+00
3.207000000e+08	2.653920380e+00
3.220000000e+08	2.732772621e+00
3.233000000e+08	2.826910160e+00
3.246000000e+08	2.912189302e+00
3.259000000e+08	3.022626152e+00
3.272000000e+08	3.134003655e+00
3.285000000e+08	3.235704559e+00
3.298000000e+08	3.332544021e+00
3.311000000e+08	3.430540323e+00
3.324000000e+08	3.533041439e+00
3.337000000e+08	3.622240850e+00
3.350000000e+08	3.688153890e+00
3.363000000e+08	3.724290841e+00
3.376000000e+08	3.816639796e+00
3.389000000e+08	3.829985888e+00
3.402000000e+08	3.876907722e+00
3.415000000e+08	3.908028315e+00
3.428000000e+08	3.901373200e+00
3.441000000e+08	3.874467864e+00
3.454000000e+08	3.844704695e+00
3.467000000e+08	3.819437942e+00
3.480000000e+08	3.774088723e+00
3.493000000e+08	3.690855018e+00
3.506000000e+08	3.559055015e+00
3.519000000e+08	3.548245700e+00
3.532000000e+08	3.426526319e+00
3.545000000e+08	3.357296424e+00
3.558000000e+08	3.281396592e+00
3.571000000e+08	3.181734497e+00
3.584000000e+08	3.072125835e+00
3.597000000e+08	2.980610628e+00
3.610000000e+08	2.910657774e+00
3.623000000e+08	2.843240234e+00
3.636000000e+08	2.748341513e+00
3.649000000e+08	2.590170690e+00
3.662000000e+08	2.646996646e+00
3.675000000e+08	2.578393565e+00
3.688000000e+08	2.569316552e+00
3.701000000e+08	2.568930596e+00
3.714000000e+08	2.564542069e+00
3.727000000e+08	2.562158567e+00
3.740000000e+08	2.584447761e+00
3.753000000e+08	2.631253982e+00
3.766000000e+08	2.686822580e+00
3.779000000e+08	2.724380117e+00
3.792000000e+08	2.356742615e+00
3.805000000e+08	2.867697354e+00
3.818000000e+08	2.931261466e+00
3.831000000e+08	3.020460187e+00
3.844000000e+08	3.112708474e+00
3.857000000e+08	3.195617617e+00
3.870000000e+08	3.274515672e+00
3.883000000e+08	3.354451959e+00
3.896000000e+08	3.437265844e+00
3.909000000e+08	3.509893163e+00
3.922000000e+08	3.570512379e+00
3.935000000e+08	3.660260285e+00
3.948000000e+08	3.674033168e+00
3.961000000e+08	3.711686569e+00
3.974000000e+08	3.735485609e+00
3.987000000e+08	3.749073371e+00
4.000000000e+08	3.750128759e+00
