core_eps_r	1.0	core_mu_r	1	core_sigma	0.00e+00	shell_eps_r	4.0	shell_mu_r	1.0	shell_sigma	0.00e+00	core_radius	1.5	shell_width	0.0003	radius	1.5003
frequency(Hz)	RCS(m^2)
2.000000000e+09	7.254006822e+00
2.040000000e+09	2.647690016e+00
2.080000000e+09	6.434444401e+00
2.120000000e+09	1.081348069e+01
2.160000000e+09	1.198632409e+01
2.200000000e+09	7.668825838e+00
2.240000000e+09	2.957336450e+00
2.280000000e+09	6.594336380e+00
2.320000000e+09	1.304762437e+01
2.360000000e+09	1.387457017e+01
2.400000000e+09	5.040021985e+00
2.440000000e+09	1.667524474e+00
2.480000000e+09	6.221092347e+00
2.520000000e+09	1.584918872e+01
2.560000000e+09	2.111740142e+01
2.600000000e+09	1.118335314e+01
2.640000000e+09	8.534315496e+00
2.680000000e+09	1.371464981e+01
2.720000000e+09	1.874218581e+01
2.760000000e+09	2.219250726e+01
2.800000000e+09	1.539593887e+01
2.840000000e+09	1.282115401e+01
2.880000000e+09	2.129881291e+01
2.920000000e+09	2.452258942e+01
2.960000000e+09	1.979117022e+01
3.000000000e+09	8.842561288e+00
3.040000000e+09	8.345989099e+00
3.080000000e+09	2.093736174e+01
3.120000000e+09	3.100491951e+01
3.160000000e+09	2.659500750e+01
3.200000000e+09	1.196142633e+01
3.240000000e+09	7.923678984e+00
3.280000000e+09	1.252475050e+01
3.320000000e+09	1.721706546e+01
3.360000000e+09	1.690501275e+01
3.400000000e+09	6.948222251e+00
3.440000000e+09	7.324044242e+00
3.480000000e+09	1.167368079e+01
3.520000000e+09	1.159412526e+01
3.560000000e+09	9.004126475e+00
3.600000000e+09	4.602594179e+00
3.640000000e+09	9.579987027e+00
3.680000000e+09	2.207293952e+01
3.720000000e+09	2.346426867e+01
3.760000000e+09	1.335635008e+01
3.800000000e+09	3.809683568e+00
3.840000000e+09	5.345645080e+00
3.880000000e+09	1.454779282e+01
3.920000000e+09	2.322541322e+01
3.960000000e+09	1.885373511e+01
4.000000000e+09	6.925961278e+00
4.040000000e+09	9.664167220e+00
4.080000000e+09	1.942101009e+01
4.120000000e+09	2.576244600e+01
4.160000000e+09	2.437126436e+01
4.200000000e+09	1.395762890e+01
4.240000000e+09	1.472025686e+01
4.280000000e+09	2.000147119e+01
4.320000000e+09	2.041315089e+01
4.360000000e+09	1.737490401e+01
4.400000000e+09	8.344529404e+00
4.440000000e+09	8.745071826e+00
4.480000000e+09	1.686835550e+01
4.520000000e+09	1.786705482e+01
4.560000000e+09	1.229254290e+01
4.600000000e+09	4.225501354e+00
4.640000000e+09	1.047977569e+01
4.680000000e+09	1.371639519e+01
4.720000000e+09	1.541993105e+01
4.760000000e+09	2.306091586e+01
4.800000000e+09	1.447638860e+00
4.840000000e+09	2.142815688e+01
4.880000000e+09	1.831298035e+01
4.920000000e+09	1.035895759e+01
4.960000000e+09	9.296656466e+00
5.000000000e+09	1.272913867e+01
5.040000000e+09	5.895047232e+00
5.080000000e+09	1.203818962e+01
5.120000000e+09	1.553293327e+01
5.160000000e+09	2.302495054e+01
5.200000000e+09	4.131358679e-02
5.240000000e+09	1.324715606e+01
5.280000000e+09	4.961780225e+01
5.320000000e+09	3.807945954e+01
5.360000000e+09	1.842803012e+01
5.400000000e+09	8.911130785e+00
5.440000000e+09	1.163328680e+01
5.480000000e+09	3.870357132e+00
5.520000000e+09	3.348175809e-01
5.560000000e+09	1.356274416e+01
5.600000000e+09	1.284869269e+01
5.640000000e+09	4.253100027e-01
5.680000000e+09	1.936848485e+00
5.720000000e+09	1.053698124e+01
5.760000000e+09	1.113890699e+01
5.800000000e+09	3.988579591e+01
5.840000000e+09	6.388707002e+00
5.880000000e+09	3.248840400e+00
5.920000000e+09	1.255602496e+00
5.960000000e+09	1.562470734e+00
6.000000000e+09	3.046455238e+01
6.040000000e+09	1.175189059e+01
6.080000000e+09	3.130323356e+00
6.120000000e+09	1.257235257e+00
6.160000000e+09	6.435683742e+00
6.200000000e+09	9.377862952e-01
6.240000000e+09	1.358547805e+01
6.280000000e+09	4.788105108e+00
6.320000000e+09	8.336163930e+00
6.360000000e+09	4.491226398e+00
6.400000000e+09	2.930220742e+00
6.440000000e+09	3.615655940e+00
6.480000000e+09	4.244253152e+00
6.520000000e+09	8.264241131e+00
6.560000000e+09	1.011529656e+00
6.600000000e+09	1.930632658e+01
6.640000000e+09	5.514918167e+00
6.680000000e+09	8.939918934e-01
6.720000000e+09	1.419858319e+00
6.760000000e+09	6.458835849e+00
6.800000000e+09	2.269986299e+00
6.840000000e+09	1.742401952e+01
6.880000000e+09	2.693969040e+01
6.920000000e+09	4.670900383e+00
6.960000000e+09	1.640787096e+01
7.000000000e+09	1.595828839e+01
7.040000000e+09	4.313836233e+00
7.080000000e+09	1.352674206e+00
7.120000000e+09	4.046387168e+00
7.160000000e+09	8.114795659e+00
7.200000000e+09	2.190402788e+01
7.240000000e+09	5.409599080e+01
7.280000000e+09	2.907018194e+01
7.320000000e+09	9.081320809e+00
7.360000000e+09	2.520557741e+01
7.400000000e+09	1.649141658e+01
7.440000000e+09	2.298856157e+00
7.480000000e+09	4.553826569e+00
7.520000000e+09	2.689827672e+00
7.560000000e+09	1.159065461e+00
7.600000000e+09	1.194199420e+01
7.640000000e+09	2.773016723e+01
7.680000000e+09	2.118404063e+01
7.720000000e+09	9.816658617e+00
7.760000000e+09	2.758403447e+01
7.800000000e+09	2.866494022e+01
7.840000000e+09	8.043158568e+00
7.880000000e+09	6.228496062e+00
7.920000000e+09	5.466367637e+00
7.960000000e+09	1.690554060e+00
8.000000000e+09	1.790753375e+00
8.040000000e+09	9.920716514e-01
8.080000000e+09	3.606052563e+00
8.120000000e+09	3.290453595e+00
8.160000000e+09	1.753573348e+00
8.200000000e+09	1.663187571e+01
8.240000000e+09	2.160625180e+01
8.280000000e+09	3.746318373e+00
8.320000000e+09	1.597871011e+00
8.360000000e+09	4.755358614e+00
8.400000000e+09	1.381946129e+00
8.440000000e+09	6.711453195e-01
8.480000000e+09	1.306008514e-01
8.520000000e+09	9.900230181e-01
8.560000000e+09	2.334579258e+00
8.600000000e+09	7.879224109e-01
8.640000000e+09	1.224498927e+01
8.680000000e+09	2.161302447e+01
8.720000000e+09	6.020078445e+00
8.760000000e+09	5.234863536e+00
8.800000000e+09	2.698903025e+01
8.840000000e+09	2.209111141e+01
8.880000000e+09	3.200534348e+00
8.920000000e+09	2.631348748e+00
8.960000000e+09	5.984650767e+00
9.000000000e+09	2.988673389e+00
9.040000000e+09	1.337953288e-01
9.080000000e+09	4.479073113e-01
9.120000000e+09	2.698790922e-02
9.160000000e+09	2.558100422e-01
9.200000000e+09	1.653498725e-01
9.240000000e+09	7.385241688e+00
9.280000000e+09	1.475463290e+01
9.320000000e+09	1.320649001e+01
9.360000000e+09	2.850479531e+00
9.400000000e+09	1.407806310e+01
9.440000000e+09	3.248904598e+01
9.480000000e+09	9.825726940e+00
9.520000000e+09	9.571195998e-01
9.560000000e+09	1.403234438e+01
9.600000000e+09	1.427389100e+01
9.640000000e+09	4.779461750e+00
9.680000000e+09	7.424991665e-01
9.720000000e+09	4.966594809e+00
9.760000000e+09	3.012225801e+00
9.800000000e+09	8.804870259e-01
9.840000000e+09	1.963033904e-01
9.880000000e+09	1.764598539e+00
9.920000000e+09	4.029101400e+00
9.960000000e+09	5.343743715e+00
1.000000000e+10	1.423521228e+00
1.004000000e+10	9.995188075e+00
1.008000000e+10	1.529013938e+01
1.012000000e+10	6.403304671e+00
1.016000000e+10	1.171017966e+00
1.020000000e+10	1.541137414e+01
1.024000000e+10	3.042952442e+01
1.028000000e+10	1.105587851e+01
1.032000000e+10	3.806455551e+00
1.036000000e+10	1.500847007e+01
1.040000000e+10	1.849611633e+01
1.044000000e+10	8.388206758e+00
1.048000000e+10	4.256523039e-02
1.052000000e+10	3.797263910e+00
1.056000000e+10	2.391511128e+00
1.060000000e+10	6.338231475e-01
1.064000000e+10	1.815375160e-01
1.068000000e+10	1.824960564e-01
1.072000000e+10	6.736295357e-02
1.076000000e+10	7.670024106e-01
1.080000000e+10	1.967235443e-01
1.084000000e+10	3.525760444e+00
1.088000000e+10	9.669890572e+00
1.092000000e+10	1.323822767e+01
1.096000000e+10	3.543862819e+00
1.100000000e+10	4.564936617e+00
1.104000000e+10	1.953829372e+01
1.108000000e+10	2.312002238e+01
1.112000000e+10	4.969943307e+00
1.116000000e+10	2.607081858e+00
1.120000000e+10	1.807990766e+01
1.124000000e+10	2.573702514e+01
1.128000000e+10	8.384921756e+00
1.132000000e+10	1.667582842e+00
1.136000000e+10	1.222807839e+01
1.140000000e+10	1.363017987e+01
1.144000000e+10	7.504813947e+00
1.148000000e+10	3.724928139e-01
1.152000000e+10	4.684291854e+00
1.156000000e+10	4.257816696e+00
1.160000000e+10	2.238787274e+00
1.164000000e+10	3.061020140e-01
1.168000000e+10	3.303318656e-03
1.172000000e+10	1.952332460e-01
1.176000000e+10	5.626347243e-01
1.180000000e+10	5.633406802e-01
1.184000000e+10	9.657143939e-01
1.188000000e+10	4.756830933e+00
1.192000000e+10	7.045092981e+00
1.196000000e+10	5.058279155e+00
1.200000000e+10	8.612695334e-01
1.204000000e+10	1.073498805e+01
1.208000000e+10	1.689705540e+01
1.212000000e+10	1.152675830e+01
1.216000000e+10	1.043690831e+00
1.220000000e+10	9.663972708e+00
1.224000000e+10	2.913537699e+01
1.228000000e+10	2.045335085e+01
1.232000000e+10	3.520541398e+00
1.236000000e+10	4.392235907e+00
1.240000000e+10	2.223450257e+01
1.244000000e+10	2.350186949e+01
1.248000000e+10	6.120466248e+00
1.252000000e+10	1.678035596e+00
1.256000000e+10	1.335363386e+01
1.260000000e+10	1.518083059e+01
1.264000000e+10	8.593695527e+00
1.268000000e+10	2.674838934e-01
1.272000000e+10	4.453797300e+00
1.276000000e+10	5.277656748e+00
1.280000000e+10	3.204894175e+00
1.284000000e+10	7.187531498e-01
1.288000000e+10	5.032894960e-01
1.292000000e+10	5.108297957e-01
1.296000000e+10	1.386510124e-01
1.300000000e+10	1.486277725e-01
1.304000000e+10	3.317988827e-02
1.308000000e+10	8.068423528e-01
1.312000000e+10	1.717887656e+00
1.316000000e+10	2.835679991e+00
1.320000000e+10	8.628822384e-01
1.324000000e+10	2.285722894e+00
1.328000000e+10	7.698737433e+00
1.332000000e+10	1.047138349e+01
1.336000000e+10	4.850226882e+00
1.340000000e+10	1.455674222e+00
1.344000000e+10	1.165412099e+01
1.348000000e+10	1.959505229e+01
1.352000000e+10	1.269742167e+01
1.356000000e+10	1.823663928e+00
1.360000000e+10	7.412426594e+00
1.364000000e+10	2.486402390e+01
1.368000000e+10	2.155798657e+01
1.372000000e+10	5.649966003e+00
1.376000000e+10	2.853115945e+00
1.380000000e+10	1.680637291e+01
1.384000000e+10	2.718353259e+01
1.388000000e+10	1.112511384e+01
1.392000000e+10	1.424622399e+00
1.396000000e+10	7.556878250e+00
1.400000000e+10	1.850499156e+01
1.404000000e+10	1.451411071e+01
1.408000000e+10	2.938382146e+00
1.412000000e+10	2.001637298e+00
1.416000000e+10	9.056260461e+00
1.420000000e+10	8.131909129e+00
1.424000000e+10	4.775225575e+00
1.428000000e+10	6.847044624e-02
1.432000000e+10	2.606937364e+00
1.436000000e+10	2.563409206e+00
1.440000000e+10	1.545854634e+00
1.444000000e+10	4.404814354e-01
1.448000000e+10	1.431524532e-01
1.452000000e+10	1.057510377e-01
1.456000000e+10	2.432403746e-03
1.460000000e+10	1.056606357e-01
1.464000000e+10	1.346775483e-02
1.468000000e+10	7.401916237e-01
1.472000000e+10	1.718599592e+00
1.476000000e+10	2.432524383e+00
1.480000000e+10	1.375214116e+00
1.484000000e+10	9.791420817e-01
1.488000000e+10	5.610119505e+00
1.492000000e+10	7.904066349e+00
1.496000000e+10	6.349710323e+00
1.500000000e+10	4.633570567e-01
1.504000000e+10	6.160575238e+00
1.508000000e+10	1.403889769e+01
1.512000000e+10	1.539969579e+01
1.516000000e+10	4.048630474e+00
1.520000000e+10	2.307266205e+00
1.524000000e+10	1.475977278e+01
1.528000000e+10	2.374560853e+01
1.532000000e+10	1.273356055e+01
1.536000000e+10	1.830266672e+00
1.540000000e+10	7.460314917e+00
1.544000000e+10	2.549892491e+01
1.548000000e+10	2.386750692e+01
1.552000000e+10	6.158046953e+00
1.556000000e+10	2.378677649e+00
1.560000000e+10	1.432494124e+01
1.564000000e+10	2.886465025e+01
1.568000000e+10	1.501293022e+01
1.572000000e+10	2.231488882e+00
1.576000000e+10	5.045120181e+00
1.580000000e+10	1.893548076e+01
1.584000000e+10	2.002185891e+01
1.588000000e+10	7.224501314e+00
1.592000000e+10	7.605960347e-01
1.596000000e+10	9.156169509e+00
1.600000000e+10	1.340214456e+01
1.604000000e+10	1.053294383e+01
1.608000000e+10	1.984563340e+00
1.612000000e+10	1.851224729e+00
1.616000000e+10	7.044994471e+00
1.620000000e+10	6.157936559e+00
1.624000000e+10	3.625441722e+00
1.628000000e+10	1.089275859e-01
1.632000000e+10	1.946558985e+00
1.636000000e+10	2.297122359e+00
1.640000000e+10	1.605932547e+00
1.644000000e+10	5.367626563e-01
1.648000000e+10	1.009512171e-01
1.652000000e+10	2.178336764e-01
1.656000000e+10	1.150231083e-01
1.660000000e+10	9.198914125e-03
1.664000000e+10	3.679624724e-02
1.668000000e+10	9.182506205e-02
1.672000000e+10	5.279696309e-01
1.676000000e+10	9.536873777e-01
1.680000000e+10	1.004810854e+00
1.684000000e+10	2.251668340e-02
1.688000000e+10	2.168060048e+00
1.692000000e+10	3.671023435e+00
1.696000000e+10	4.163566269e+00
1.700000000e+10	1.674107898e+00
1.704000000e+10	1.177294076e+00
1.708000000e+10	6.593492141e+00
1.712000000e+10	8.734640085e+00
1.716000000e+10	7.898286285e+00
1.720000000e+10	7.996433825e-01
1.724000000e+10	4.544089129e+00
1.728000000e+10	1.361185821e+01
1.732000000e+10	1.533126416e+01
1.736000000e+10	6.345148496e+00
1.740000000e+10	1.050358773e+00
1.744000000e+10	1.052032587e+01
1.748000000e+10	2.132160192e+01
1.752000000e+10	1.721728548e+01
1.756000000e+10	3.562041480e+00
1.760000000e+10	3.337633090e+00
1.764000000e+10	1.682205497e+01
1.768000000e+10	2.759580450e+01
1.772000000e+10	1.288316116e+01
1.776000000e+10	1.988604678e+00
1.780000000e+10	6.883337057e+00
1.784000000e+10	2.430110319e+01
1.788000000e+10	2.584159776e+01
1.792000000e+10	7.697533252e+00
1.796000000e+10	1.788120653e+00
1.800000000e+10	1.169606430e+01
