frequency_hz	dgtd_rcs	model_rcs	abs_error	rel_error	valid
1.000000000e+06	6.483270000e-06	4.045319327e-06	2.437950673e-06	3.760371962e-01	1
2.330000000e+06	1.604570000e-04	1.326630845e-04	2.779391549e-05	1.732172201e-01	1
3.660000000e+06	9.449820000e-04	8.405815517e-04	1.044004483e-04	1.104787693e-01	1
4.990000000e+06	3.204850000e-03	2.970095176e-03	2.347548245e-04	7.324986333e-02	1
6.320000000e+06	8.119020000e-03	7.755391118e-03	3.636288821e-04	4.478728740e-02	1
7.650000000e+06	1.718480000e-02	1.682291519e-02	3.618848147e-04	2.105842458e-02	1
8.980000000e+06	3.222980000e-02	3.218917042e-02	4.062958312e-05	1.260621634e-03	1
1.031000000e+07	5.546100000e-02	5.625594605e-02	7.949460483e-04	1.433342436e-02	1
1.164000000e+07	8.954350000e-02	9.180242857e-02	2.258928569e-03	2.522716410e-02	1
1.297000000e+07	1.376930000e-01	1.419731007e-01	4.280100713e-03	3.108437403e-02	1
1.430000000e+07	2.037430000e-01	2.102596532e-01	6.516653169e-03	3.198467269e-02	1
1.563000000e+07	2.921570000e-01	3.004742709e-01	8.317270851e-03	2.846849759e-02	1
1.696000000e+07	4.079430000e-01	4.167106003e-01	8.767600299e-03	2.149221901e-02	1
1.829000000e+07	5.564490000e-01	5.632874839e-01	6.838483881e-03	1.228950700e-02	1
1.962000000e+07	7.430560000e-01	7.446692406e-01	1.613240617e-03	2.171088878e-03	1
2.095000000e+07	9.727820000e-01	9.653550451e-01	7.426954937e-03	7.634757774e-03	1
2.228000000e+07	1.249860000e+00	1.229729083e+00	2.013091720e-02	1.610653770e-02	1
2.361000000e+07	1.577360000e+00	1.541863073e+00	3.549692717e-02	2.250401124e-02	1
2.494000000e+07	1.956900000e+00	1.905264044e+00	5.163595585e-02	2.638660936e-02	1
2.627000000e+07	2.388530000e+00	2.322563687e+00	6.596631268e-02	2.761795442e-02	1
2.760000000e+07	2.870730000e+00	2.795151977e+00	7.557802336e-02	2.632710961e-02	1
2.893000000e+07	3.400570000e+00	3.322767703e+00	7.780229728e-02	2.287919298e-02	1
3.026000000e+07	3.973950000e+00	3.903072141e+00	7.087785859e-02	1.783561912e-02	1
3.159000000e+07	4.585740000e+00	4.531248306e+00	5.449169372e-02	1.188285723e-02	1
3.292000000e+07	5.229880000e+00	5.199684482e+00	3.019551790e-02	5.773654060e-03	1
3.425000000e+07	5.899250000e+00	5.897812569e+00	1.437430586e-03	2.436632768e-04	1
3.558000000e+07	6.585460000e+00	6.612173356e+00	2.671335609e-02	4.056414600e-03	1
3.691000000e+07	7.278450000e+00	7.326766461e+00	4.831646078e-02	6.638289853e-03	1
3.824000000e+07	7.966100000e+00	8.023709304e+00	5.760930379e-02	7.231807759e-03	1
3.957000000e+07	8.634060000e+00	8.684179427e+00	5.011942668e-02	5.804850404e-03	1
4.090000000e+07	9.265830000e+00	9.289557158e+00	2.372715803e-02	2.560715881e-03	1
4.223000000e+07	9.843240000e+00	9.822636044e+00	2.060395599e-02	2.093208739e-03	1
4.356000000e+07	1.034740000e+01	1.026874266e+01	7.865734056e-02	7.601652643e-03	1
4.489000000e+07	1.076010000e+01	1.061661587e+01	1.434841270e-01	1.333483211e-02	1
4.622000000e+07	1.106530000e+01	1.085893813e+01	2.063618704e-01	1.864946006e-02	1
4.755000000e+07	1.125070000e+01	1.099247620e+01	2.582238020e-01	2.295179873e-02	1
4.888000000e+07	1.130890000e+01	1.101785759e+01	2.910424100e-01	2.573569578e-02	1
5.021000000e+07	1.123860000e+01	1.093906349e+01	2.995365125e-01	2.665247562e-02	1
5.154000000e+07	1.104440000e+01	1.076274843e+01	2.816515697e-01	2.550175380e-02	1
5.287000000e+07	1.073650000e+01	1.049749955e+01	2.390004500e-01	2.226055511e-02	1
5.420000000e+07	1.032960000e+01	1.015312987e+01	1.764701329e-01	1.708392706e-02	1
5.553000000e+07	9.841290000e+00	9.740070787e+00	1.012192135e-01	1.028515708e-02	1
5.686000000e+07	9.290520000e+00	9.268897786e+00	2.162221364e-02	2.327341595e-03	1
5.819000000e+07	8.695890000e+00	8.749996831e+00	5.410683116e-02	6.222115408e-03	1
5.952000000e+07	8.074400000e+00	8.193360270e+00	1.189602703e-01	1.473301674e-02	1
6.085000000e+07	7.440610000e+00	7.608490089e+00	1.678800892e-01	2.256267823e-02	1
6.218000000e+07	6.806260000e+00	7.004381927e+00	1.981219268e-01	2.910878026e-02	1
6.351000000e+07	6.180350000e+00	6.389563241e+00	2.092132415e-01	3.385135817e-02	1
6.484000000e+07	5.569510000e+00	5.772161505e+00	2.026515046e-01	3.638587679e-02	1
6.617000000e+07	4.978550000e+00	5.159981899e+00	1.814318988e-01	3.644271902e-02	1
6.750000000e+07	4.411040000e+00	4.560577813e+00	1.495378134e-01	3.390080647e-02	1
6.883000000e+07	3.869820000e+00	3.981301027e+00	1.114810268e-01	2.880780678e-02	1
7.016000000e+07	3.357390000e+00	3.429321756e+00	7.193175606e-02	2.142490329e-02	1
7.149000000e+07	2.876270000e+00	2.911611845e+00	3.534184524e-02	1.228738792e-02	1
7.282000000e+07	2.429250000e+00	2.434887453e+00	5.637452595e-03	2.320655591e-03	1
7.415000000e+07	2.019640000e+00	2.005510858e+00	1.412914231e-02	6.995871694e-03	1
7.548000000e+07	1.651510000e+00	1.629354548e+00	2.215545246e-02	1.341526994e-02	1
7.681000000e+07	1.329790000e+00	1.311634500e+00	1.815549964e-02	1.365290733e-02	1
7.814000000e+07	1.060330000e+00	1.056723347e+00	3.606653122e-03	3.401444005e-03	1
7.947000000e+07	8.496510000e-01	8.679574599e-01	1.830645986e-02	2.154585807e-02	1
8.080000000e+07	7.044490000e-01	7.474544933e-01	4.300549329e-02	6.104841272e-02	1
8.213000000e+07	6.308360000e-01	6.959589295e-01	6.512292947e-02	1.032327411e-01	1
8.346000000e+07	6.333550000e-01	7.127323679e-01	7.937736785e-02	1.253283985e-01	1
8.479000000e+07	7.139450000e-01	7.955024157e-01	8.155741566e-02	1.142348720e-01	1
8.612000000e+07	8.710500000e-01	9.404792671e-01	6.942926712e-02	7.970755654e-02	1
8.745000000e+07	1.099070000e+00	1.142442907e+00	4.337290672e-02	3.946327960e-02	1
8.878000000e+07	1.388340000e+00	1.394897162e+00	6.557161810e-03	4.723023042e-03	1
9.011000000e+07	1.725620000e+00	1.690280536e+00	3.533946448e-02	2.047928540e-02	1
9.144000000e+07	2.095240000e+00	2.020218790e+00	7.502120988e-02	3.580554489e-02	1
9.277000000e+07	2.480540000e+00	2.375801299e+00	1.047387010e-01	4.222415320e-02	1
9.410000000e+07	2.865510000e+00	2.747862534e+00	1.176474656e-01	4.105637936e-02	1
9.543000000e+07	3.236340000e+00	3.127251588e+00	1.090884115e-01	3.370733962e-02	1
9.676000000e+07	3.582590000e+00	3.505075873e+00	7.751412708e-02	2.163633770e-02	1
9.809000000e+07	3.897760000e+00	3.872909420e+00	2.485057994e-02	6.375605461e-03	1
9.942000000e+07	4.179330000e+00	4.222960797e+00	4.363079695e-02	1.043966304e-02	1
1.007500000e+08	4.428070000e+00	4.548199890e+00	1.201298897e-01	2.712917586e-02	1
1.020800000e+08	4.647030000e+00	4.842446268e+00	1.954162684e-01	4.205186289e-02	1
1.034100000e+08	4.840190000e+00	5.100424249e+00	2.602342493e-01	5.376529626e-02	1
1.047400000e+08	5.011110000e+00	5.317791089e+00	3.066810892e-01	6.120023093e-02	1
1.060700000e+08	5.161850000e+00	5.491145066e+00	3.292950660e-01	6.379400138e-02	1
1.074000000e+08	5.292180000e+00	5.618019724e+00	3.258397245e-01	6.157003814e-02	1
1.087300000e+08	5.399310000e+00	5.696869510e+00	2.975595104e-01	5.511065496e-02	1
1.100600000e+08	5.478060000e+00	5.727050618e+00	2.489906185e-01	4.545233504e-02	1
1.113900000e+08	5.521500000e+00	5.708799325e+00	1.872993246e-01	3.392181917e-02	1
1.127200000e+08	5.521880000e+00	5.643208541e+00	1.213285413e-01	2.197232487e-02	1
1.140500000e+08	5.471810000e+00	5.532201941e+00	6.039194081e-02	1.103692212e-02	1
1.153800000e+08	5.365480000e+00	5.378503843e+00	1.302384304e-02	2.427339780e-03	1
1.167100000e+08	5.199810000e+00	5.185602244e+00	1.420775631e-02	2.732360665e-03	1
1.180400000e+08	4.975330000e+00	4.957701914e+00	1.762808569e-02	3.543098787e-03	1
1.193700000e+08	4.696780000e+00	4.699664486e+00	2.884485513e-03	6.141410739e-04	1
1.207000000e+08	4.373140000e+00	4.416932840e+00	4.379284011e-02	1.001404943e-02	1
1.220300000e+08	4.017150000e+00	4.115437979e+00	9.828797947e-02	2.446709221e-02	1
1.233600000e+08	3.644330000e+00	3.801487730e+00	1.571577303e-01	4.312390213e-02	1
1.246900000e+08	3.271470000e+00	3.481638135e+00	2.101681348e-01	6.424272109e-02	1
1.260200000e+08	2.914910000e+00	3.162549979e+00	2.476399794e-01	8.495630377e-02	1
1.273500000e+08	2.588760000e+00	2.850834496e+00	2.620744957e-01	1.012355320e-01	1
1.286800000e+08	2.303340000e+00	2.552893635e+00	2.495536345e-01	1.083442455e-01	1
1.300100000e+08	2.064250000e+00	2.274761298e+00	2.105112983e-01	1.019795559e-01	1
1.313400000e+08	1.872050000e+00	2.021952381e+00	1.499023806e-01	8.007391929e-02	1
1.326700000e+08	1.722840000e+00	1.799326337e+00	7.648633691e-02	4.439549634e-02	1
1.340000000e+08	1.609610000e+00	1.610971289e+00	1.361289121e-03	8.457260582e-04	1
1.353300000e+08	1.523980000e+00	1.460113434e+00	6.386656555e-02	4.190774521e-02	1
1.366600000e+08	1.458310000e+00	1.349054919e+00	1.092550808e-01	7.491896837e-02	1
1.379900000e+08	1.407380000e+00	1.279141544e+00	1.282384563e-01	9.111857231e-02	1
1.393200000e+08	1.369690000e+00	1.250759880e+00	1.189301203e-01	8.682995442e-02	1
1.406500000e+08	1.347760000e+00	1.263361794e+00	8.439820607e-02	6.262109431e-02	1
1.419800000e+08	1.347600000e+00	1.315513115e+00	3.208688517e-02	2.381039267e-02	1
1.433100000e+08	1.377340000e+00	1.404962349e+00	2.762234907e-02	2.005485143e-02	1
1.446400000e+08	1.445350000e+00	1.528724962e+00	8.337496225e-02	5.768496368e-02	1
1.459700000e+08	1.558150000e+00	1.683178762e+00	1.250287622e-01	8.024180099e-02	1
1.473000000e+08	1.718660000e+00	1.864166282e+00	1.455062823e-01	8.466263383e-02	1
1.486300000e+08	1.925080000e+00	2.067100661e+00	1.420206606e-01	7.377390063e-02	1
1.499600000e+08	2.170590000e+00	2.287072239e+00	1.164822395e-01	5.366386073e-02	1
1.512900000e+08	2.443980000e+00	2.518953862e+00	7.497386195e-02	3.067695397e-02	1
1.526200000e+08	2.731010000e+00	2.757503540e+00	2.649353979e-02	9.701004314e-03	1
1.539500000e+08	3.016230000e+00	2.997463732e+00	1.876626777e-02	6.221762852e-03	1
1.552800000e+08	3.284990000e+00	3.233656879e+00	5.133312133e-02	1.562656852e-02	1
1.566100000e+08	3.525110000e+00	3.461077042e+00	6.403295778e-02	1.816481125e-02	1
1.579400000e+08	3.728130000e+00	3.674977554e+00	5.315244616e-02	1.425713325e-02	1
1.592700000e+08	3.889830000e+00	3.870954416e+00	1.887558427e-02	4.852547354e-03	1
1.606000000e+08	4.010090000e+00	4.045024964e+00	3.493496403e-02	8.711765579e-03	1
1.619300000e+08	4.092160000e+00	4.193700949e+00	1.015409491e-01	2.481353346e-02	1
1.632600000e+08	4.141590000e+00	4.314054820e+00	1.724648204e-01	4.164217617e-02	1
1.645900000e+08	4.164950000e+00	4.403777658e+00	2.388276585e-01	5.734226305e-02	1
1.659200000e+08	4.168600000e+00	4.461226932e+00	2.926269315e-01	7.019789175e-02	1
1.672500000e+08	4.157720000e+00	4.485462121e+00	3.277421211e-01	7.882736718e-02	1
1.685800000e+08	4.135650000e+00	4.476266295e+00	3.406162950e-01	8.236100613e-02	1
1.699100000e+08	4.103620000e+00	4.434151930e+00	3.305319295e-01	8.054642719e-02	1
1.712400000e+08	4.060740000e+00	4.360349697e+00	2.996096973e-01	7.378204399e-02	1
1.725700000e+08	4.004440000e+00	4.256779527e+00	2.523395274e-01	6.301493526e-02	1
1.739000000e+08	3.931040000e+00	4.126003964e+00	1.949639644e-01	4.959602660e-02	1
1.752300000e+08	3.836560000e+00	3.971164651e+00	1.346046506e-01	3.508472448e-02	1
1.765600000e+08	3.717530000e+00	3.795903557e+00	7.837355709e-02	2.108215861e-02	1
1.778900000e+08	3.571850000e+00	3.604271331e+00	3.242133087e-02	9.076901568e-03	1
1.792200000e+08	3.399430000e+00	3.400625727e+00	1.195726836e-03	3.517433324e-04	1
1.805500000e+08	3.202680000e+00	3.189523520e+00	1.315648012e-02	4.107959620e-03	1
1.818800000e+08	2.986570000e+00	2.975609495e+00	1.096050470e-02	3.669930623e-03	1
1.832100000e+08	2.758400000e+00	2.763506098e+00	5.106098086e-03	1.851108645e-03	1
1.845400000e+08	2.527170000e+00	2.557707093e+00	3.053709280e-02	1.208351350e-02	1
1.858700000e+08	2.302670000e+00	2.362478183e+00	5.980818267e-02	2.597340595e-02	1
1.872000000e+08	2.094460000e+00	2.181767009e+00	8.730700914e-02	4.168473456e-02	1
1.885300000e+08	1.910870000e+00	2.019124358e+00	1.082543579e-01	5.665186951e-02	1
1.898600000e+08	1.758180000e+00	1.877637791e+00	1.194577910e-01	6.794400515e-02	1
1.911900000e+08	1.640210000e+00	1.759878358e+00	1.196683580e-01	7.295916862e-02	1
1.925200000e+08	1.558220000e+00	1.667860549e+00	1.096405490e-01	7.036268882e-02	1
1.938500000e+08	1.511270000e+00	1.603015266e+00	9.174526552e-02	6.070739545e-02	1
1.951800000e+08	1.496770000e+00	1.566175310e+00	6.940530971e-02	4.637005666e-02	1
1.965100000e+08	1.511180000e+00	1.557572725e+00	4.639272493e-02	3.069966843e-02	1
1.978400000e+08	1.550650000e+00	1.576847248e+00	2.619724818e-02	1.689436571e-02	1
1.991700000e+08	1.611430000e+00	1.623065131e+00	1.163513137e-02	7.220376542e-03	1
2.005000000e+08	1.690130000e+00	1.694747630e+00	4.617630437e-03	2.732115540e-03	1
2.018300000e+08	1.783650000e+00	1.789908518e+00	6.258518046e-03	3.508826309e-03	1
2.031600000e+08	1.889080000e+00	1.906100022e+00	1.702002178e-02	9.009688197e-03	1
2.044900000e+08	2.003540000e+00	2.040466603e+00	3.692660311e-02	1.843067925e-02	1
2.058200000e+08	2.124130000e+00	2.189805957e+00	6.567595703e-02	3.091899132e-02	1
2.071500000e+08	2.248120000e+00	2.350636520e+00	1.025165199e-01	4.560099990e-02	1
2.084800000e+08	2.373210000e+00	2.519270624e+00	1.460606237e-01	6.154559592e-02	1
2.098100000e+08	2.497880000e+00	2.691892237e+00	1.940122369e-01	7.767075957e-02	1
2.111400000e+08	2.621670000e+00	2.864638002e+00	2.429680015e-01	9.267680582e-02	1
2.124700000e+08	2.745160000e+00	3.033680033e+00	2.885200331e-01	1.051013541e-01	1
2.138000000e+08	2.869730000e+00	3.195308726e+00	3.255787257e-01	1.134527380e-01	1
2.151300000e+08	2.996820000e+00	3.346013617e+00	3.491936174e-01	1.165213851e-01	1
2.164600000e+08	3.127160000e+00	3.482560257e+00	3.554002573e-01	1.136495278e-01	1
2.177900000e+08	3.259810000e+00	3.602060990e+00	3.422509902e-01	1.049910854e-01	1
2.191200000e+08	3.391500000e+00	3.702037649e+00	3.105376488e-01	9.156351137e-02	1
2.204500000e+08	3.516410000e+00	3.780474332e+00	2.640643324e-01	7.509486447e-02	1
2.217800000e+08	3.626530000e+00	3.835858737e+00	2.093287369e-01	5.772149600e-02	1
2.231100000e+08	3.712570000e+00	3.867210877e+00	1.546408772e-01	4.165332296e-02	1
2.244400000e+08	3.765380000e+00	3.874098482e+00	1.087184816e-01	2.887317658e-02	1
2.257700000e+08	3.777510000e+00	3.856638810e+00	7.912881049e-02	2.094734640e-02	1
2.271000000e+08	3.744660000e+00	3.815487127e+00	7.082712736e-02	1.891416774e-02	1
2.284300000e+08	3.666650000e+00	3.751812495e+00	8.516249527e-02	2.322624065e-02	1
2.297600000e+08	3.547730000e+00	3.667261961e+00	1.195319613e-01	3.369251925e-02	1
2.310900000e+08	3.396060000e+00	3.563914506e+00	1.678545058e-01	4.942624860e-02	1
2.324200000e+08	3.222640000e+00	3.444226357e+00	2.215863569e-01	6.875926472e-02	1
2.337500000e+08	3.039610000e+00	3.310969405e+00	2.713594053e-01	8.927441523e-02	1
2.350800000e+08	2.858550000e+00	3.167164501e+00	3.086145013e-01	1.079619042e-01	1
2.364100000e+08	2.688940000e+00	3.016011387e+00	3.270713870e-01	1.216358070e-01	1
2.377400000e+08	2.537090000e+00	2.860816931e+00	3.237269305e-01	1.275977322e-01	1
2.390700000e+08	2.405740000e+00	2.704923205e+00	2.991832046e-01	1.243622356e-01	1
2.404000000e+08	2.294340000e+00	2.551636801e+00	2.572968012e-01	1.121441466e-01	1
2.417300000e+08	2.199800000e+00	2.404160623e+00	2.043606234e-01	9.289963789e-02	1
2.430600000e+08	2.117740000e+00	2.265529253e+00	1.477892531e-01	6.978630666e-02	1
2.443900000e+08	2.043600000e+00	2.138548866e+00	9.494886569e-02	4.646157061e-02	1
2.457200000e+08	1.973840000e+00	2.025742561e+00	5.190256087e-02	2.629522194e-02	1
2.470500000e+08	1.906570000e+00	1.929301893e+00	2.273189316e-02	1.192292607e-02	1
2.483800000e+08	1.841940000e+00	1.851045322e+00	9.105322139e-03	4.943332649e-03	1
2.497100000e+08	1.781980000e+00	1.792384241e+00	1.040424128e-02	5.838584763e-03	1
2.510400000e+08	1.730210000e+00	1.754297186e+00	2.408718562e-02	1.392153879e-02	1
2.523700000e+08	1.690900000e+00	1.737312746e+00	4.641274587e-02	2.744854567e-02	1
2.537000000e+08	1.668370000e+00	1.741501622e+00	7.313162223e-02	4.383417481e-02	1
2.550300000e+08	1.666160000e+00	1.766478128e+00	1.003181278e-01	6.020918029e-02	1
2.563600000e+08	1.686490000e+00	1.811411293e+00	1.249212931e-01	7.407176626e-02	1
2.576900000e+08	1.729840000e+00	1.875045530e+00	1.452055299e-01	8.394159570e-02	1
2.590200000e+08	1.794810000e+00	1.955730590e+00	1.609205901e-01	8.965884415e-02	1
2.603500000e+08	1.878310000e+00	2.051460306e+00	1.731503056e-01	9.218409398e-02	1
2.616800000e+08	1.975960000e+00	2.159919340e+00	1.839593396e-01	9.309871639e-02	1
2.630100000e+08	2.082800000e+00	2.278536923e+00	1.957369229e-01	9.397778131e-02	1
2.643400000e+08	2.194070000e+00	2.404546313e+00	2.104763125e-01	9.592962508e-02	1
2.656700000e+08	2.306000000e+00	2.535048512e+00	2.290485117e-01	9.932719500e-02	1
2.670000000e+08	2.416370000e+00	2.667078636e+00	2.507086365e-01	1.037542415e-01	1
2.683300000e+08	2.524870000e+00	2.797673224e+00	2.728032237e-01	1.080464435e-01	1
2.696600000e+08	2.632790000e+00	2.923936751e+00	2.911467509e-01	1.105848742e-01	1
2.709900000e+08	2.742390000e+00	3.043105681e+00	3.007156809e-01	1.096546009e-01	1
2.723200000e+08	2.855810000e+00	3.152608453e+00	2.967984528e-01	1.039279409e-01	1
2.736500000e+08	2.973810000e+00	3.250120005e+00	2.763100047e-01	9.291447830e-02	1
2.749800000e+08	3.094620000e+00	3.333609622e+00	2.389896222e-01	7.722745352e-02	1
2.763100000e+08	3.213220000e+00	3.401381147e+00	1.881611466e-01	5.855843878e-02	1
2.776400000e+08	3.321380000e+00	3.452104832e+00	1.307248321e-01	3.935858955e-02	1
2.789700000e+08	3.408400000e+00	3.484840397e+00	7.644039662e-02	2.242706156e-02	1
2.803000000e+08	3.462840000e+00	3.499051057e+00	3.621105709e-02	1.045704020e-02	1
2.816300000e+08	3.474560000e+00	3.494608564e+00	2.004856424e-02	5.770101608e-03	1
2.829600000e+08	3.437020000e+00	3.471789448e+00	3.476944765e-02	1.011616099e-02	1
2.842900000e+08	3.349120000e+00	3.431262849e+00	8.214284942e-02	2.452669639e-02	1
2.856200000e+08	3.216200000e+00	3.374070460e+00	1.578704602e-01	4.908602084e-02	1
2.869500000e+08	3.049870000e+00	3.301599180e+00	2.517291802e-01	8.253767546e-02	1
2.882800000e+08	2.866600000e+00	3.215547213e+00	3.489472127e-01	1.217286028e-01	1
2.896100000e+08	2.685300000e+00	3.117884367e+00	4.325843668e-01	1.610934967e-01	1
2.909400000e+08	2.524240000e+00	3.010807402e+00	4.865674025e-01	1.927579796e-01	1
2.922700000e+08	2.398010000e+00	2.896691300e+00	4.986813000e-01	2.079563055e-01	1
2.936000000e+08	2.315060000e+00	2.778037384e+00	4.629773841e-01	1.999850475e-01	1
2.949300000e+08	2.276400000e+00	2.657419276e+00	3.810192763e-01	1.673779987e-01	1
2.962600000e+08	2.275630000e+00	2.537427696e+00	2.617976958e-01	1.150440519e-01	1
2.975900000e+08	2.300340000e+00	2.420615163e+00	1.202751634e-01	5.228582008e-02	1
2.989200000e+08	2.334640000e+00	2.309441701e+00	2.519829946e-02	1.079322699e-02	1
3.002500000e+08	2.362110000e+00	2.206222628e+00	1.558873723e-01	6.599496735e-02	1
3.015800000e+08	2.368810000e+00	2.113079568e+00	2.557304323e-01	1.079573424e-01	1
3.029100000e+08	2.345590000e+00	2.031895732e+00	3.136942676e-01	1.337378943e-01	1
3.042400000e+08	2.289420000e+00	1.964276513e+00	3.251434874e-01	1.420200258e-01	1
3.055700000e+08	2.203510000e+00	1.911516301e+00	2.919936990e-01	1.325129902e-01	1
3.069000000e+08	2.096360000e+00	1.874572354e+00	2.217876464e-01	1.057965457e-01	1
3.082300000e+08	1.979970000e+00	1.854046333e+00	1.259236670e-01	6.359877524e-02	1
3.095600000e+08	1.867740000e+00	1.850173993e+00	1.756600668e-02	9.404952874e-03	1
3.108900000e+08	1.772380000e+00	1.862823250e+00	9.044325013e-02	5.102926581e-02	1
3.122200000e+08	1.704200000e+00	1.891500658e+00	1.873006583e-01	1.099053270e-01	1
3.135500000e+08	1.670140000e+00	1.935366088e+00	2.652260884e-01	1.588047040e-01	1
3.148800000e+08	1.673320000e+00	1.993255169e+00	3.199351686e-01	1.911978394e-01	1
3.162100000e+08	1.713350000e+00	2.063708855e+00	3.503588552e-01	2.044876150e-01	1
3.175400000e+08	1.786900000e+00	2.145009308e+00	3.581093081e-01	2.004081415e-01	1
3.188700000e+08	1.888540000e+00	2.235221103e+00	3.466811031e-01	1.835709612e-01	1
3.202000000e+08	2.011620000e+00	2.332236698e+00	3.206166985e-01	1.593823379e-01	1
3.215300000e+08	2.148950000e+00	2.433825002e+00	2.848750015e-01	1.325647416e-01	1
3.228600000e+08	2.293410000e+00	2.537681846e+00	2.442718464e-01	1.065103258e-01	1
3.241900000e+08	2.438270000e+00	2.641481200e+00	2.032112002e-01	8.334236986e-02	1
3.255200000e+08	2.577430000e+00	2.742925947e+00	1.654959466e-01	6.420967655e-02	1
3.268500000e+08	2.705510000e+00	2.839797161e+00	1.342871609e-01	4.963469399e-02	1
3.281800000e+08	2.817870000e+00	2.930000870e+00	1.121308698e-01	3.979277604e-02	1
3.295100000e+08	2.910570000e+00	3.011611389e+00	1.010413886e-01	3.471532677e-02	1
3.308400000e+08	2.980360000e+00	3.082910432e+00	1.025504322e-01	3.440873994e-02	1
3.321700000e+08	3.024650000e+00	3.142421306e+00	1.177713062e-01	3.893716835e-02	1
3.335000000e+08	3.041610000e+00	3.188937599e+00	1.473275990e-01	4.843737330e-02	1
3.348300000e+08	3.030410000e+00	3.221545902e+00	1.911359018e-01	6.307262115e-02	1
3.361600000e+08	2.991480000e+00	3.239642201e+00	2.481622010e-01	8.295632966e-02	1
3.374900000e+08	2.927020000e+00	3.242941691e+00	3.159216911e-01	1.079328775e-01	1
3.388200000e+08	2.841320000e+00	3.231481872e+00	3.901618721e-01	1.373171174e-01	1
3.401500000e+08	2.741010000e+00	3.205618907e+00	4.646089067e-01	1.695028135e-01	1
3.414800000e+08	2.634830000e+00	3.166017328e+00	5.311873284e-01	2.016021255e-01	1
3.428100000e+08	2.533000000e+00	3.113633311e+00	5.806333114e-01	2.292275213e-01	1
3.441400000e+08	2.445940000e+00	3.049691839e+00	6.037518391e-01	2.468383685e-01	1
3.454700000e+08	2.382660000e+00	2.975658230e+00	5.929982295e-01	2.488807591e-01	1
3.468000000e+08	2.348880000e+00	2.893204601e+00	5.443246012e-01	2.317379352e-01	1
3.481300000e+08	2.345480000e+00	2.804171987e+00	4.586919865e-01	1.955642284e-01	1
3.494600000e+08	2.367510000e+00	2.710528904e+00	3.430189043e-01	1.448859368e-01	1
3.507900000e+08	2.404300000e+00	2.614327307e+00	2.100273070e-01	8.735486711e-02	1
3.521200000e+08	2.440690000e+00	2.517656890e+00	7.696688990e-02	3.153488968e-02	1
3.534500000e+08	2.459490000e+00	2.422598809e+00	3.689119143e-02	1.499952894e-02	1
3.547800000e+08	2.444650000e+00	2.331179873e+00	1.134701274e-01	4.641569445e-02	1
3.561100000e+08	2.384610000e+00	2.245328281e+00	1.392817185e-01	5.840859451e-02	1
3.574400000e+08	2.275150000e+00	2.166831931e+00	1.083180688e-01	4.760919885e-02	1
3.587700000e+08	2.121050000e+00	2.097300252e+00	2.374974831e-02	1.119716570e-02	1
3.601000000e+08	1.936030000e+00	2.038130438e+00	1.021004383e-01	5.273701252e-02	1
3.614300000e+08	1.740930000e+00	1.990478821e+00	2.495488207e-01	1.433422485e-01	1
3.627600000e+08	1.560370000e+00	1.955237966e+00	3.948679662e-01	2.530604704e-01	1
3.640900000e+08	1.418500000e+00	1.933019964e+00	5.145199642e-01	3.627211591e-01	1
3.654200000e+08	1.334680000e+00	1.924146169e+00	5.894661694e-01	4.416535569e-01	1
3.667500000e+08	1.319970000e+00	1.928643520e+00	6.086735205e-01	4.611267835e-01	1
3.680800000e+08	1.375210000e+00	1.946247391e+00	5.710373906e-01	4.152365025e-01	1
3.694100000e+08	1.491020000e+00	1.976410774e+00	4.853907737e-01	3.255427651e-01	1
3.707400000e+08	1.649710000e+00	2.018319477e+00	3.686094766e-01	2.234389539e-01	1
3.720700000e+08	1.828740000e+00	2.070912865e+00	2.421728654e-01	1.324260777e-01	1
3.734000000e+08	2.004810000e+00	2.132909611e+00	1.280996109e-01	6.389613524e-02	1
3.747300000e+08	2.157900000e+00	2.202837796e+00	4.493779622e-02	2.082478160e-02	1
3.760600000e+08	2.274350000e+00	2.279068679e+00	4.718679247e-03	2.074737506e-03	1
3.773900000e+08	2.348360000e+00	2.359853354e+00	1.149335423e-02	4.894204565e-03	1
3.787200000e+08	2.381880000e+00	2.443361521e+00	6.148152055e-02	2.581218220e-02	1
3.800500000e+08	2.382970000e+00	2.527721544e+00	1.447515442e-01	6.074417394e-02	1
3.813800000e+08	2.363150000e+00	2.611060988e+00	2.479109880e-01	1.049070046e-01	1
3.827100000e+08	2.334460000e+00	2.691546788e+00	3.570867884e-01	1.529633356e-01	1
3.840400000e+08	2.306850000e+00	2.767424269e+00	4.605742687e-01	1.996550572e-01	1
3.853700000e+08	2.286490000e+00	2.837054202e+00	5.505642024e-01	2.407901204e-01	1
3.867000000e+08	2.275260000e+00	2.898947177e+00	6.236871774e-01	2.741168822e-01	1
3.880300000e+08	2.271310000e+00	2.951794557e+00	6.804845572e-01	2.996000357e-01	1
3.893600000e+08	2.270530000e+00	2.994495398e+00	7.239653982e-01	3.188530423e-01	1
3.906900000e+08	2.268400000e+00	3.026178758e+00	7.577787580e-01	3.340587013e-01	1
3.920200000e+08	2.261700000e+00	3.046220916e+00	7.845209159e-01	3.468722270e-01	1
3.933500000e+08	2.249820000e+00	3.054257134e+00	8.044371340e-01	3.575562196e-01	1
3.946800000e+08	2.235140000e+00	3.050187699e+00	8.150476994e-01	3.646517441e-01	1
3.960100000e+08	2.222670000e+00	3.034178115e+00	8.115081152e-01	3.651050832e-01	1
3.973400000e+08	2.218840000e+00	3.006653443e+00	7.878134430e-01	3.550564453e-01	1
3.986700000e+08	2.229920000e+00	2.968286934e+00	7.383669340e-01	3.311181271e-01	1
4.000000000e+08	2.260180000e+00	2.919983225e+00	6.598032254e-01	2.919250792e-01	1
