eps_r	5.0	mu_r	1.0	sigma	1.00e+00	radius	1.0
frequency(Hz)	RCS(m^2)
6.000000000e+07	7.522164401e+00
9.313333333e+07	2.458416947e+00
1.262666667e+08	2.620531640e+00
1.594000000e+08	3.709588517e+00
1.925333333e+08	1.343930840e+00
2.256666667e+08	3.369803519e+00
2.588000000e+08	1.805307692e+00
2.919333333e+08	2.285209337e+00
3.250666667e+08	2.494782919e+00
3.582000000e+08	1.636132590e+00
3.913333333e+08	2.532617759e+00
4.244666667e+08	1.720044413e+00
4.576000000e+08	2.068202106e+00
4.907333333e+08	2.044888777e+00
5.238666667e+08	1.681002031e+00
5.570000000e+08	2.112322093e+00
5.901333333e+08	1.645169813e+00
6.232666667e+08	1.889589557e+00
6.564000000e+08	1.789490141e+00
6.895333333e+08	1.647076863e+00
7.226666667e+08	1.842254454e+00
7.558000000e+08	1.572153079e+00
7.889333333e+08	1.733401105e+00
8.220666667e+08	1.620345366e+00
8.552000000e+08	1.580392263e+00
8.883333333e+08	1.650092106e+00
9.214666667e+08	1.500156133e+00
9.546000000e+08	1.596016053e+00
9.877333333e+08	1.497809993e+00
1.020866667e+09	1.499928529e+00
1.054000000e+09	1.506075456e+00
1.087133333e+09	1.428738953e+00
1.120266667e+09	1.476367042e+00
1.153400000e+09	1.402422610e+00
1.186533333e+09	1.415737436e+00
1.219666667e+09	1.394289166e+00
1.252800000e+09	1.358172897e+00
1.285933333e+09	1.373426689e+00
1.319066667e+09	1.323325374e+00
1.352200000e+09	1.333739763e+00
1.385333333e+09	1.304707478e+00
1.418466667e+09	1.289363895e+00
1.451600000e+09	1.285582074e+00
1.484733333e+09	1.254330389e+00
1.517866667e+09	1.257328561e+00
1.551000000e+09	1.230508633e+00
1.584133333e+09	1.223519120e+00
1.617266667e+09	1.210703283e+00
1.650400000e+09	1.192094132e+00
1.683533333e+09	1.188123177e+00
1.716666667e+09	1.167009598e+00
1.749800000e+09	1.161777992e+00
1.782933333e+09	1.146460334e+00
1.816066667e+09	1.135014440e+00
1.849200000e+09	1.126491268e+00
1.882333333e+09	1.111115810e+00
1.915466667e+09	1.104944899e+00
1.948600000e+09	1.090652349e+00
1.981733333e+09	1.082465798e+00
2.014866667e+09	1.071997015e+00
2.048000000e+09	1.060916035e+00
2.081133333e+09	1.053374888e+00
2.114266667e+09	1.041436407e+00
2.147400000e+09	1.034265342e+00
2.180533333e+09	1.023788206e+00
2.213666667e+09	1.015321567e+00
2.246800000e+09	1.006998567e+00
2.279933333e+09	9.974227533e-01
2.313066667e+09	9.903342412e-01
2.346200000e+09	9.808969609e-01
2.379333333e+09	9.737480675e-01
2.412466667e+09	9.654371026e-01
2.445600000e+09	9.576537074e-01
2.478733333e+09	9.505241374e-01
2.511866667e+09	9.424354704e-01
2.545000000e+09	9.358638034e-01
2.578133333e+09	9.281490270e-01
2.611266667e+09	9.215095874e-01
2.644400000e+09	9.145673361e-01
2.677533333e+09	9.076891374e-01
2.710666667e+09	9.014205382e-01
2.743800000e+09	8.945611056e-01
2.776933333e+09	8.885897488e-01
2.810066667e+09	8.821024621e-01
2.843200000e+09	8.761291378e-01
2.876333333e+09	8.701651749e-01
2.909466667e+09	8.641560522e-01
2.942600000e+09	8.586066539e-01
2.975733333e+09	8.527305671e-01
3.008866667e+09	8.473765801e-01
3.042000000e+09	8.418143280e-01
3.075133333e+09	8.365113680e-01
3.108266667e+09	8.313135616e-01
3.141400000e+09	8.260685935e-01
3.174533333e+09	8.211497658e-01
3.207666667e+09	8.160663580e-01
3.240800000e+09	8.112992900e-01
3.273933333e+09	8.064692943e-01
3.307066667e+09	8.017827906e-01
3.340200000e+09	7.972174381e-01
3.373333333e+09	7.926266279e-01
3.406466667e+09	7.882650339e-01
3.439600000e+09	7.838316156e-01
3.472733333e+09	7.795989002e-01
3.505866667e+09	7.753691576e-01
3.539000000e+09	7.712290549e-01
3.572133333e+09	7.671998515e-01
3.605266667e+09	7.631658725e-01
3.638400000e+09	7.592952170e-01
3.671533333e+09	7.554035565e-01
3.704666667e+09	7.516463357e-01
3.737800000e+09	7.479198720e-01
3.770933333e+09	7.442567723e-01
3.804066667e+09	7.406880033e-01
3.837200000e+09	7.371288769e-01
3.870333333e+09	7.336889935e-01
3.903466667e+09	7.302548142e-01
3.936600000e+09	7.269158352e-01
3.969733333e+09	7.236174091e-01
4.002866667e+09	7.203684325e-01
4.036000000e+09	7.171977215e-01
4.069133333e+09	7.140452485e-01
4.102266667e+09	7.109823298e-01
4.135400000e+09	7.079383143e-01
4.168533333e+09	7.049652571e-01
4.201666667e+09	7.020342747e-01
4.234800000e+09	6.991444683e-01
4.267933333e+09	6.963192672e-01
4.301066667e+09	6.935166843e-01
4.334200000e+09	6.907832806e-01
4.367333333e+09	6.880745407e-01
4.400466667e+09	6.854210400e-01
4.433600000e+09	6.828075285e-01
4.466733333e+09	6.802295885e-01
4.499866667e+09	6.777051716e-01
4.533000000e+09	6.752050095e-01
4.566133333e+09	6.727596891e-01
4.599266667e+09	6.703407742e-01
4.632400000e+09	6.679663780e-01
4.665533333e+09	6.656285014e-01
4.698666667e+09	6.633219429e-01
4.731800000e+09	6.610600531e-01
4.764933333e+09	6.588223879e-01
4.798066667e+09	6.566291918e-01
4.831200000e+09	6.544620362e-01
4.864333333e+09	6.523317229e-01
4.897466667e+09	6.502341156e-01
4.930600000e+09	6.481643355e-01
4.963733333e+09	6.461321569e-01
4.996866667e+09	6.441232244e-01
5.030000000e+09	6.421510451e-01
5.063133333e+09	6.402034975e-01
5.096266667e+09	6.382870490e-01
5.129400000e+09	6.363996158e-01
5.162533333e+09	6.345370129e-01
5.195666667e+09	6.327063388e-01
5.228800000e+09	6.308974402e-01
5.261933333e+09	6.291194015e-01
5.295066667e+09	6.273641291e-01
5.328200000e+09	6.256354966e-01
5.361333333e+09	6.239325002e-01
5.394466667e+09	6.222517040e-01
5.427600000e+09	6.205982424e-01
5.460733333e+09	6.189648743e-01
5.493866667e+09	6.173577563e-01
5.527000000e+09	6.157714007e-01
5.560133333e+09	6.142081175e-01
5.593266667e+09	6.126674606e-01
5.626400000e+09	6.111466728e-01
5.659533333e+09	6.096494627e-01
5.692666667e+09	6.081706181e-01
5.725800000e+09	6.067143413e-01
5.758933333e+09	6.052768534e-01
5.792066667e+09	6.038595161e-01
5.825200000e+09	6.024621612e-01
5.858333333e+09	6.010826029e-01
5.891466667e+09	5.997235188e-01
5.924600000e+09	5.983811212e-01
5.957733333e+09	5.970582968e-01
5.990866667e+09	5.957524027e-01
6.024000000e+09	5.944642212e-01
6.057133333e+09	5.931937097e-01
6.090266667e+09	5.919391557e-01
6.123400000e+09	5.907025254e-01
6.156533333e+09	5.894810023e-01
6.189666667e+09	5.882763766e-01
6.222800000e+09	5.870868329e-01
6.255933333e+09	5.859138738e-01
6.289066667e+09	5.847578718e-01
6.322200000e+09	5.836126083e-01
6.355333333e+09	5.824749521e-01
6.388466667e+09	5.813617730e-01
6.421600000e+09	5.803044736e-01
6.454733333e+09	5.792399808e-01
6.487866667e+09	5.780162090e-01
6.521000000e+09	5.767917052e-01
6.554133333e+09	5.762077855e-01
6.587266667e+09	5.760099286e-01
6.620400000e+09	5.738773476e-01
6.653533333e+09	5.696250084e-01
6.686666667e+09	5.705142490e-01
6.719800000e+09	5.800470854e-01
6.752933333e+09	5.785224701e-01
6.786066667e+09	5.493293358e-01
6.819200000e+09	5.390038210e-01
6.852333333e+09	6.034019329e-01
6.885466667e+09	6.498567843e-01
6.918600000e+09	5.335656920e-01
6.951733333e+09	4.087277258e-01
6.984866667e+09	5.834161797e-01
7.018000000e+09	8.721580021e-01
7.051133333e+09	7.476669041e-01
7.084266667e+09	3.128261454e-01
7.117400000e+09	2.921971886e-01
7.150533333e+09	8.565615055e-01
7.183666667e+09	1.258648918e+00
7.216800000e+09	9.146118871e-01
7.249933333e+09	2.553396905e-01
7.283066667e+09	1.494531656e-01
7.316200000e+09	7.850364647e-01
7.349333333e+09	1.464012383e+00
7.382466667e+09	1.444347694e+00
7.415600000e+09	7.542270587e-01
7.448733333e+09	1.145362847e-01
7.481866667e+09	1.707553776e-01
7.515000000e+09	8.786645594e-01
7.548133333e+09	1.596513038e+00
7.581266667e+09	1.701269336e+00
7.614400000e+09	1.121470974e+00
7.647533333e+09	3.530431871e-01
7.680666667e+09	1.729637490e-02
7.713800000e+09	3.695744956e-01
7.746933333e+09	1.136884104e+00
7.780066667e+09	1.758810670e+00
7.813200000e+09	1.806174936e+00
7.846333333e+09	1.264836457e+00
7.879466667e+09	5.122214382e-01
7.912600000e+09	4.205226548e-02
7.945733333e+09	1.443035885e-01
7.978866667e+09	7.434436089e-01
8.012000000e+09	1.471937931e+00
8.045133333e+09	1.906437355e+00
8.078266667e+09	1.811829646e+00
8.111400000e+09	1.256673934e+00
8.144533333e+09	5.532604064e-01
8.177666667e+09	7.523328458e-02
8.210800000e+09	6.150554280e-02
8.243933333e+09	5.067610359e-01
8.277066667e+09	1.182108117e+00
8.310200000e+09	1.760719716e+00
8.343333333e+09	1.977348494e+00
8.376466667e+09	1.744718375e+00
8.409600000e+09	1.179588538e+00
8.442733333e+09	5.373222272e-01
8.475866667e+09	9.328724949e-02
8.509000000e+09	2.672416955e-02
8.542133333e+09	3.544241130e-01
8.575266667e+09	9.353494841e-01
8.608400000e+09	1.536635250e+00
8.641533333e+09	1.928933613e+00
8.674666667e+09	1.972036495e+00
8.707800000e+09	1.660232262e+00
8.740933333e+09	1.115280901e+00
8.774066667e+09	5.350155941e-01
8.807200000e+09	1.200482693e-01
8.840333333e+09	5.780450247e-03
8.873466667e+09	2.218370228e-01
8.906600000e+09	6.893686554e-01
8.939733333e+09	1.253227178e+00
8.972866667e+09	1.735367555e+00
9.006000000e+09	1.990874432e+00
9.039133333e+09	1.949403464e+00
9.072266667e+09	1.631187176e+00
9.105400000e+09	1.135455531e+00
9.138533333e+09	6.072891143e-01
9.171666667e+09	1.943103337e-01
9.204800000e+09	6.128233999e-03
9.237933333e+09	8.723935581e-02
9.271066667e+09	4.092910368e-01
9.304200000e+09	8.828795373e-01
9.337333333e+09	1.384009895e+00
9.370466667e+09	1.787178001e+00
9.403600000e+09	1.996276101e+00
9.436733333e+09	1.966017860e+00
9.469866667e+09	1.709648270e+00
9.503000000e+09	1.292394244e+00
9.536133333e+09	8.134725034e-01
9.569266667e+09	3.817744678e-01
9.602400000e+09	9.121780600e-02
9.635533333e+09	1.193049063e-03
9.668666667e+09	1.258587117e-01
9.701800000e+09	4.337615789e-01
9.734933333e+09	8.569441909e-01
9.768066667e+09	1.306836273e+00
9.801200000e+09	1.693132628e+00
9.834333333e+09	1.941655017e+00
9.867466667e+09	2.007803656e+00
9.900600000e+09	1.883399843e+00
9.933733333e+09	1.596197869e+00
9.966866667e+09	1.202785511e+00
1.000000000e+10	7.767347628e-01
